als1.1  2005   358   438   358   454   496
als1.1  2010   617   589   402   307   582   467   401   450   264   506
als1.1  2020 -9999
als1.2  2006   381   533   546   205
als1.2  2010   253   436   713   698   560   429   449   283   185   317
als1.2  2020 -9999
als1.3  2007   244   240   305
als1.3  2010   423   328   232   307   201   214   323   168   286   275
als1.3  2020 -9999
als1.4  2011   433   199   337   761   550   400   265   544   570 -9999
als1.5  2005   586   157   526   539   367   
als1.5  2010   338   434   283   326   391   431   338   358   473   623
als1.5  2020 -9999
als2.1  2013   159   409   324   279   402   367   423 -9999
als2.2  2006   178   388   243   178   
als2.2  2010   232   266   370   347   402   222   201   169   264   348 
als2.2  2020 -9999
als2.3  2007   207   538   528
als2.3  2010   467   431   443   296   630   307   169   201   197   190
als2.3  2020 -9999
als2.4  2005   148   451   317   254   243
als2.4  2010   487  1037   419   405   455   808   408   295   496   433
als2.4  2020 -9999
als2.5  2007   267   422   302
als2.5  2010   286   413   466   338   422   527   274   259   239  1111
als2.5  2020 -9999
als3.2  2004   471   692   229   334   444   485
als3.2  2010   951   977  1063  1610  2619  2032  1626  1393  1858  1735
als3.2  2020 -9999
als3.1  2003  1116   761   522   654   762   421   996
als3.1  2010   694   551   585   463   653  1354   919   555   422   737
als3.1  2020 -9999
als3.3  2006   179   169   439   352   
als3.3  2010   459   446   421   587   670   755   747   628   781   825
als3.3  2020 -9999
als3.4  2009   167
als3.4  2010   287   504   252   304   229   231   374   403   239   169
als3.4  2020 -9999
als3.5  2010   210   252   345   418   293   210   222   121   168   208
als3.5  2020 -9999
als4.1  2013   655  1058   995   422   295   418   714 -9999
als4.2  2007   416   610   397
als4.2  2010   502   544   379   490   338   463   512   209   503   295
als4.2  2020 -9999
als4.3  2009   319
als4.3  2010   461   396   591   271   380   317   507   397   402   282
als4.3  2020 -9999
als4.4  2011   299   461   252   487   533   487   472   706   589 -9999
alt1.1  2006   246   499   533   431
alt1.1  2010   547   676   303  1697  2126  1792  1804  1072  1291  1216
alt1.1  2020 -9999
alt1.3  2008   544   255
alt1.3  2010   457   550  1371   846   719   337   454   333   671   569
alt1.3  2020 -9999
alt1.4  2011   313   587   515   562   439   522   367   211   654 -9999
alt1.5  2007   206   197   317
alt1.5  2010   686   400   567   373   629   340   773   424   633   369
alt1.5  2020 -9999
alt2.2  2013   419   534   562   371   825   685   719 -9999
alt2.4  2008   428   272
alt2.4  2010   384   411   357   317   381   317   335   485   312   370
alt2.4  2020 -9999
alt2.5  2012   398   509   587   421   715   338   203   413 -9999
alt3.1  2004  1331   760   589   883   839   541
alt3.1  2010   436   811   666   389   628   464   564   377   177   365
alt3.1  2020 -9999
alt3.3  2015   635   540   545   444   504 -9999
alt3.2  2013   278   509   365   385   415   544   366 -9999
alt3.4  2004   254   226   253   399   587   438
alt3.4  2010   295   637   457   586   274   422   986   360   607   451
alt3.4  2020 -9999
alt3.5  2006   487   588   402   294
alt3.5  2010   738   674   886   337   444   465   431   359   274   273
alt3.5  2020 -9999
alt4.3  2013   340   294   439   726   485   696   941 -9999
alt4.1  2006   191   840   656   369
alt4.1  2010   631   441   381   286   481   307   525   267   190   469
alt4.1  2020 -9999
alt4.2  2005   409   356   443   466   381
alt4.2  2010   593   235   655   550   338   402   423   313   444   244
alt4.2  2020 -9999
alt4.5  2012    29   343   339   284   516   344   334   441 -9999
alu1.1  2013   491   508   474   307   317   264   465 -9999
alu1.3  2014   489   677   571   436   737   337 -9999
alu1.4  2010   204   642   400   318   396   399   528   275   197   205
alu1.4  2020 -9999
alu1.5  2014   428   254   328   463   422   171 -9999
alu2.1  2012   614   546   697   821   424   191   250   202 -9999
alu2.3  2011   422   553   576   662   467   483   211   190   550 -9999
alu2.4  2016   230   663   441   313 -9999
alu2.5  2013   275   432   557   327   398   360   263 -9999
alu3.1  2013   441   479   221   453   414   350   175 -9999
alu3.2  2013   615  1929   301   279   483   213   254 -9999
alu3.3  2000   222   276   222   476   355   305   212   211   264   233
alu3.3  2010   297    89   159   105    53    95   127    91    63    82
alu3.3  2020 -9999
alu3.4  2011   216   237   296   349  1059   741   635   257   337 -9999
alu4.2  2003   448   520   677   356   661   516   543
alu4.2  2010  1074   757   781   641   356   460   406   273   227   212
alu4.2  2020 -9999
alu4.3  2012   273   419   483   426   737   947   294   546 -9999
alu4.5  2011   319   592   106   316   270   167   270   145   158 -9999
hes5.1  2003   370   227   933   222  1039   858   725
hes5.1  2010   661   812  1662   866   755   650   761   507   696   707
hes5.1  2020 -9999
hes5.2  2008   506   345
hes5.2  2010   615   343   538   381   598   350   473   408   730   564
hes5.2  2020 -9999
hes5.3  2004   635   287   213   317   541   751   
hes5.3  2010   818   789   372   831  1650  1587  1111   281  1480   549  
hes5.3  2020 -9999
hes5.4  2004   604  1196   854   412   729   584
hes5.4  2010   783   655  1182  1768  1774  1675  1204  1548  1208  1498
hes5.4  2020 -9999
hes5.5  2005   698   758   727   633   557
hes5.5  2010  1425  1165  1434  1207   846  1060  1291   712   887   536
hes5.5  2020 -9999
hes6.1  2010   423   803   191   214   469   661   366   550   452   391
hes6.1  2020 -9999
hes6.2  2002  1119   775   447   863   631   769   642   728
hes6.2  2010  1246   631   601   629   739  1135   834   729   694   377
hes6.2  2020 -9999
hes6.3  2009   229
hes6.3  2010   466   519   490   606   502   633   472   567   659   725
hes6.3  2020 -9999
hes6.4  2003   241   446   403   614   878   656   559
hes6.4  2010   834   277   494   797   606   335   327   230   338   336
hes6.4  2020 -9999
hes6.5  2001   668   645   427   886   618   391  1254  1163  1186
hes6.5  2010   990  1205   711   672   569   783   505   713   726  3079
hes6.5  2020 -9999
hes7.5  2007   360   244   736
hes7.5  2010   465   309   219   251   273   201   242   193   452   296
hes7.5  2020 -9999
hes8.2  2007   257   260   310
hes8.2  2010   503   420   437   737   623   781   368   290   267   591
hes8.2  2020 -9999
hes8.3  2003   277   338   242   307   274   212   518
hes8.3  2010   508   428   500   390   533   402   212   283   214   391
hes8.3  2020 -9999
hes8.4  2005   380   195   654   352   511
hes8.4  2010   505   594   585   466   507   880   740   615   494   625
hes8.4  2020 -9999
hes8.5  2009   315
hes8.5  2010   514   396   425   471   343   522   325   305   450   703
hes8.5  2020 -9999
het7.5  2007   360   244   736
het7.5  2010   465   309   219   251   273   201   242   193   452   296
het7.5  2020 -9999
het7.1  2004   345   415   417   293   335   384
het7.1  2010   473   467   336   299   310   520   414   383   339   381
het7.1  2020 -9999
het7.2  2008   202   252
het7.2  2010   455   511   525   344   422   331   490   445   513   704
het7.2  2020 -9999
het7.3  2009   465
het7.3  2010   265   571   243   377   336   199   546   268   361   253
het7.3  2020 -9999
het7.4  2004   222   370   508   708   284   389
het7.4  2010   506   385   269   178   247   347   413   384   439   706
het7.4  2020 -9999
het5.2  2009   202
het5.2  2010   322   402   301   570   487   612   535   210   249   231
het5.2  2020 -9999
het5.3  2004   138   347   328   244   504   449   
het5.3  2010   509   878   694   912   848   773   754   621   373   458
het5.3  2020 -9999
het5.4  2004   205    98   379   485   278   771
het5.4  2010   665   575   498   909  1207  1200   788   576   392   490
het5.4  2020 -9999
het5.5  2006   156   177   140   412
het5.5  2010   342   264   711   656   517   648   391   651   596  1152
het5.5  2020 -9999
het5.1  2006   128   262   366   305
het5.1  2010   286   324   358   580   454   370   683   695   624   769
het5.1  2020 -9999
het6.1  2005   291   437   234   216   175
het6.1  2010   283   142   192   217   262   328   321   264   190   305
het6.1  2020 -9999
het6.2  2007   285   811   358
het6.2  2010   840   665   670   619   628   789   605   582   706   709
het6.2  2020 -9999
het6.3  2004   581   464   614   507   323   514
het6.3  2010   836   430   433   846  1110  1333  1144   960  1074   511
het6.3  2020 -9999
het6.4  2003   349   550   809  1087   516   319   680
het6.4  2010   410   413   543   425   357   569   498   586   595   606
het6.4  2020 -9999
het6.5  2008   193   193
het6.5  2010   260   344   268   377   364   317   359   525   324   444
het6.5  2020 -9999
het8.1  2004   128   273   399   399   338   478
het8.1  2010   272   495   539   340   179   243    95   190   137   167
het8.1  2020 -9999
het8.2  2003   289   391   669   644   563   564   339
het8.2  2010   563   337   338   180   304   250   119   277   248   232
het8.2  2020 -9999
het8.3  2004   143   470   230   338   264   328
het8.3  2010   275   231   184   233   235   300   170   180   148   186
het8.3  2020 -9999
het8.4  2006   180   109   201   169
het8.4  2010   332   188   474   444   319   336   378   483   601   588
het8.4  2020 -9999
het8.5  2010   281   499   285   136   258   190   400   307   533   296
het8.5  2020 -9999
heu5.4  2005   147   371   210   275   343
heu5.4  2010   251   215   253   336   233   274   127   158   349   200
heu5.4  2020 -9999
heu5.5  2009   109
heu5.5  2010   113   119   123   313   244   191   319   165   147   212
heu5.5  2020 -9999
heu6.2  2010    96    78   106   177   160   195   200   189   160   180
heu6.2  2020 -9999
heu6.4  2006   234   219   245   308
heu6.4  2010   418   686   434   428   349   214   201   276   473   326
heu6.4  2020 -9999
heu7.1  2012   224   241   517   391   444   158   121   181 -9999
heu7.2  2008   296   194
heu7.2  2010   186   184   379    89   137   137   183   136   254   201
heu7.2  2020 -9999
heu7.3  2011   175   162   111   248   252   195   169   292   180 -9999
heu7.4  2013   199    91   101   150   186   104   180 -9999
heu7.5  2009   132
heu7.5  2010   141   195   140   137   181   112   158   156    67   155
heu7.5  2020 -9999
heu8.1  2012   178   171   246   209   302   352   328   365 -9999
heu8.2  2011   516   210   196   253   364   434   360   380   473 -9999
heu8.3  2009   283
heu8.3  2010   235   337   260   142   226   148   169   202   142   178
heu8.3  2020 -9999
heu8.4  2014   299   300   481   770   750   211 -9999
heu8.5  2011   231   284   444   296   345   304   201   179   402 -9999
ins13.1 2005   246   407   808   486   465
ins13.1 2010   478   346   465   594   389   647   497   483   399   424
ins13.1 2020 -9999
ins13.2 2005   248   462   778   527   463
ins13.2 2010   402   349   448   441   537   392   327   329   339   604
ins13.2 2020 -9999
ins13.3 2008   265   569
ins13.3 2010   475   125   190   211   196   259   349   243   287   220
ins13.3 2020 -9999
ins13.4 2005   220   196   200   199   228
ins13.4 2010   253   328   195   204   250   222   246   178   191   157
ins13.4 2020 -9999
ins14.1 2005   299   261   348   306   349
ins14.1 2010   560   674   372   273   274   584   318   381   359   226
ins14.1 2020 -9999
ins14.2 2005   148   138   214   264   233
ins14.2 2010   552   635   406   381   349   432   408   301   347   512
ins14.2 2020 -9999
ins14.3 2005   144   330   169   243   363
ins14.3 2010   391   262   216   261   267   249   268   201   201   278
ins14.3 2020 -9999
ins14.4 2005   216   312   218   181   453
ins14.4 2010   382   443   174   233   265   275   201   159   119   126
ins14.4 2020 -9999
ins14.5 2007   158   385   296
ins14.5 2010   253   116   176   179   201   238   148   159   160   254
ins14.5 2020 -9999
ins15.1 2006   221   888   539   607
ins15.1 2010   590   320   453   391   271   379   289   231   222   207
ins15.1 2020 -9999
ins15.2 2004   197   561   593   544   549   783
ins15.2 2010   250   708   543   421   422   380   403   421   505   587
ins15.2 2020 -9999
ins15.3 2005   297   265   459   275   196
ins15.3 2010   275   189   260   331   278   253   232   303   402   261
ins15.3 2020 -9999
ins15.4 2006   201   278   385   334
ins15.4 2010   324   197   437   249   169   197   133   197   178   163
ins15.4 2020 -9999
ins15.5 2008   316   405
ins15.5 2010   528   311   254   131   176   134   265   170   113   339
ins15.5 2020 -9999
ins16.1 2003   226   403   623   876   651   571   922
ins16.1 2010   474   316   190   238   237   190   243   159   198   148
ins16.1 2020 -9999
ins16.2 2003   292   239   546   583   418   367   443
ins16.2 2010   347   212   208   293   215   222   190   182   168   185
ins16.2 2020 -9999
ins16.3 2008   338   371
ins16.3 2010   404   335   299   566   335   344   253   126   134   115
ins16.3 2020 -9999
ins16.4 2004   135   229   352   482   441   485
ins16.4 2010   240   274   220   197   173   159   137   137   127   148
ins16.4 2020 -9999
ins16.5 2005   288   327   747   229    99
ins16.5 2010   108   399   165   176   402   159   103   180   190   251
ins16.5 2020 -9999
int13.1 2006  1312   609   485   244
int13.1 2010   390   275   297   257   251   305   237   169   259   371
int13.1 2020 -9999
int13.2 2005   391   339   497   382   305
int13.2 2010   273   163   390   190   200   201   294   200   295   441
int13.2 2020 -9999
int13.3 2004   253   325   411   649   338   455
int13.3 2010   256   409   296   312   274   366   331   385   380   383
int13.3 2020 -9999
int14.1 2003   414   254   787   482   257   296   295
int14.1 2010   231   325   349   192   388   426   562   662  3731  3805
int14.1 2020 -9999
int14.2 2013   130   238   264   335   389   286   497 -9999
int14.3 2004   349   311   312   471   326   200
int14.3 2010   116   313   285   241   369   365   198   264   318   366
int14.3 2020 -9999
int14.4 2008   242   225
int14.4 2010   244   232   285   483   184   211   275   126   188   359
int14.4 2020 -9999
int14.5 2009   157
int14.5 2010   462   515   286   489   307   210   254   365   199   193
int14.5 2020 -9999
int16.1 2003   339   270   745   469   379   531   369
int16.1 2010   344   359   357   317   222   294   210   231   167   201
int16.1 2020 -9999
int16.2 2004   294   632   363   455   315   264
int16.2 2010   232   254   331   420   346   159   233   120   378   416
int16.2 2020 -9999
int16.3 2004   357   430   421   484   401   231
int16.3 2010   317   229   546   339   272   298   242   105   137   169
int16.3 2020 -9999
int16.4 2006   197   743   481   284
int16.4 2010   221   259   156   282   165   654   115   106   211   113
int16.4 2020 -9999
int16.5 2011   254   460   341   334   507   444   148   178   263 -9999
inu13.1 2004   270   449   193   466   316   405
inu13.1 2010   205   257   194   262   209   194   369   214   168   123
inu13.1 2020 -9999
inu13.2 2008   201   396
inu13.2 2010   456   270   286   430   418   308   434   349   227   174
inu13.2 2020 -9999
inu13.5 2012   455   897   303   273   323   247   233   284 -9999
inu14.1 2013   351   422   414   470   407   603   401 -9999
inu14.2 2002   234   273   487  1058   383   431   476  2778
inu14.2 2010   817   309  2497   957   490   472  1027  1272   362   245
inu14.2 2020 -9999
inu14.3 2010   270   445   388   296   180   325   254   316   261   142
inu14.3 2020 -9999
inu14.5 2012   315   290   338   311   238   151   133   211 -9999
inu15.1 2013   172   432   454   614   271   717   527 -9999
inu15.2 2011   297  1008   626   380   337   285   454   459   466 -9999
inu15.3 2011   168   545   363   417   289   255   476   374   349 -9999
inu15.4 2006   211   316   274   221
inu15.4 2010   286   243   228   307   283   311   239   286   115   210
inu15.4 2020 -9999
inu15.5 2012   307   450   167   189   632   644   342   284 -9999
inu16.2 2010   684   439   439   439   188   152   100   285   100    85
inu16.2 2020 -9999
inu16.3 2012   157   316   141   347   782   480   325   218 -9999
inu16.4 2010   138   434   301   231   127    69    94   124   100   111
inu16.4 2020 -9999
mks17.1 2004   334   619   529   460   443   337
mks17.1 2010   468   573   308   236   369   188   177   147   253   224
mks17.1 2020 -9999
mks17.2 2004   245   288   348   264   180   190
mks17.2 2010   236   326   149   467   167   137   148    95   275   224
mks17.2 2020 -9999
mks17.3 2004   224   119   251   292   275   570
mks17.3 2010   250   167   127   180   210   254   294   359   369   344
mks17.3 2020 -9999
mks17.4 2005   388   243   348   212   349   
mks17.4 2010   281   532   192   267   366   145   301   148   265   321
mks17.4 2020 -9999
mks17.5 2008   456   760
mks17.5 2010   900   580   561   710    91   158    94   126   100   106
mks17.5 2020 -9999
mks18.1 2006   359   441   432   293
mks18.1 2010   232   136   126   213   180   252   138   191   195   191
mks18.1 2020 -9999
mks18.2 2004   236   345   254   422   355   243
mks18.2 2010   201   255   225   351   220   253   226   180   372   243
mks18.2 2020 -9999
mks18.3 2010   315   249   295   338   487   434   506   142   314   342
mks18.3 2020 -9999
mks18.4 2005   256   231   354   383   240
mks18.4 2010   169   242   212   275   211   266   190   377   396   474
mks18.4 2020 -9999
mks18.5 2005   241   365   318   857   476
mks18.5 2010   664   307   190   369   283   215   296   222   157   212
mks18.5 2020 -9999
mks19.1 2004   434   247   351   304   133   313
mks19.1 2010   310   423   271   227   290   211   335   192   254   285
mks19.1 2020 -9999
mks19.2 2004   234   364   588   474   166   243
mks19.2 2010   292   300   556   507   497   331   269   388   288   437
mks19.2 2020 -9999
mks19.3 2003   339   300   582   399   538   693   571
mks19.3 2010   610   559   555   529   370   280   291   242   307   375
mks19.3 2020 -9999
mks19.4 2004   270   291   443   575   438   256
mks19.4 2010   322   556   233   287   370   344   407   405   395   430
mks19.4 2020 -9999
mks19.5 2005   274   166   232   147   233
mks19.5 2010   315   370   260   306   398   356   240   239   501   431
mks19.5 2020 -9999
mks20.1 2004   164   424   474   856   286   452
mks20.1 2010   887   624   609   598   716   706   579   525   672   625
mks20.1 2020 -9999
mks20.2 2004   263   146   163   538   285   211
mks20.2 2010   347   533   419   539   471   522   635   622   947   824
mks20.2 2020 -9999
mks20.3 2004   332   795   465   528   534   783
mks20.3 2010   601  1046   653   673   756   760   701  1409  1125   826
mks20.3 2020 -9999
mks20.4 2008   328   373
mks20.4 2010   233   337   487   316   245   518   168   222    94   146
mks20.4 2020 -9999
mks20.5 2005   199   740   410   221   172
mks20.5 2010   437   440   530   424   451   552   453   358   400   635
mks20.5 2020 -9999
mkt17.1 2004   350   820   436   197   285   155
mkt17.1 2010   423   200   287   317   222   222   264   189   272   338
mkt17.1 2020 -9999
mkt17.2 2004   153   217   370   413   628   407
mkt17.2 2010   532   680   431   264   378   354   425   517   425   469
mkt17.2 2020 -9999
mkt17.3 2004   257   560   708   222   359   195
mkt17.3 2010   222   412   203   145   187   221   305   674   228   283
mkt17.3 2020 -9999
mkt17.4 2005   922   655   547   887   980
mkt17.4 2010   629   436   699   318   185   159   190   157   125   113
mkt17.4 2020 -9999
mkt17.5 2004   626   473   835   978   646   336
mkt17.5 2010   292   214   388   146   287   284   355   193   212   270
mkt17.5 2020 -9999
mkt18.1 2004   527   713   603   602   481   558
mkt18.1 2010   767   723   557   270   475   387   365   254   262   310
mkt18.1 2020 -9999
mkt18.3 2004   506   474   593   686   589   377
mkt18.3 2010   222   265   290   296   137   338   265   230   211   263
mkt18.3 2020 -9999
mkt18.4 2003   336   291   400   592   624   287   240
mkt18.4 2010   201   190   208   296   432   376   338   199   230   378
mkt18.4 2020 -9999
mkt18.5 2004   305   794   382   694   260   215
mkt18.5 2010   286   264   492   240   243   262   186   174   211   261
mkt18.5 2020 -9999
mkt19.1 2013   156   406   577   397   537   264   325 -9999
mkt19.3 2013   257   424   274   468   280   261   485 -9999
mkt19.4 2007   254   155   315
mkt19.4 2010   298   250   495   401   269   336   215   285   275   253
mkt19.4 2020 -9999
mkt19.5 2011   210   171   375   535   515   234   180   190   231 -9999
mkt20.1 2008   154   558
mkt20.1 2010   285   202   192   158   334   196   222   296   339   646
mkt20.1 2020 -9999
mkt20.2 2007   373   859   578
mkt20.2 2010   210   180   211   243   335   306   417   669   323   503
mkt20.2 2020 -9999
mkt20.3 2009   417
mkt20.3 2010   296   369   641   232   295    95   116   190   147   569
mkt20.3 2020 -9999
mkt20.4 2007   141   120   552
mkt20.4 2010   772   420   477   199   211   275   230   252   370   380
mkt20.4 2020 -9999
mku17.1 2008   228   522
mku17.1 2010   404   822   337   316   245   169   332   458   456   307
mku17.1 2020 -9999
mku17.2 2008   170   944
mku17.2 2010   364   543   550   616   567   469   357  2540  1778  2155
mku17.2 2020 -9999
mku17.3 2010   739   410   548   532   401   510   353   217   295   421
mku17.3 2020 -9999
mku17.4 2011    89  1773   431   774   639   233   593   292   647 -9999
mku17.5 2014   358   599   813   694   356   843 -9999
mku18.1 2000   632   831   692   655   605   561   359   675   422  1111
mku18.1 2010   466   740   482   876   451   445   253   402   158   536
mku18.1 2020 -9999
mku18.2 2006   200   765   949   551
mku18.2 2010   250   317  1160   594   273   505   400   297   254   376
mku18.2 2020 -9999
mku18.3 2006   297   524   504   730
mku18.3 2010   724   380   498   358   158   204   305   103   275   233
mku18.3 2020 -9999
mku18.4 2014   222   281   510   491   740   553 -9999
mku18.5 2008   151   225
mku18.5 2010   294   495   412   420   761   516   265   438   460   336
mku18.5 2020 -9999
mku19.4 2009   157
mku19.4 2010   256   439   171   230   106   219   391   181   247   201
mku19.4 2020 -9999
mku19.1 2010   469   1145  666   370   316   262   482   261   223   329
mku19.1 2020 -9999
mku19.2 2012   336   850   457   326   526   160   430   596 -9999
mku19.3 2014   109   347   463   390   399   232 -9999
mku19.5 2013   105   316   215   630   197   288   465 -9999
mku20.2 2014   239   216   368   300   277   180 -9999
mku20.3 2014   377   358   466   209   212   281 -9999
mku20.4 2011   154   415   332   454   296   303   294   330   161 -9999
mku20.5 2016   296  1009  1151  1104 -9999
ses9.1  2005   219   245   207   408   261
ses9.1  2010   454   284   369   433   413   531   423   275   378   518
ses9.1  2020 -9999
ses9.2  2005   254   884  1307  1019   730
ses9.2  2010   652   265   336   373   313   263   178   296   402   307
ses9.2  2020 -9999
ses9.4  2005   560   625   481   307   529
ses9.4  2010   325   189   180   273   166   123   167   136    86   159
ses9.4  2020 -9999
ses9.3  2005   849   431   433   324   169
ses9.3  2010   291   283   285   370   222   275   402   290   381   244
ses9.3  2020 -9999
ses9.5  2005   216   660   783   687   435
ses9.5  2010   313   220   293   168   137   253   302   242   296   579
ses9.5  2020 -9999
ses10.1 2004   470  1352  1185   782   370   718
ses10.1 2010   311   328   782   528   488   435   406   331   280   476
ses10.1 2020 -9999
ses10.2 2011   388   371   443   486   328   508   253   201   284 -9999
ses10.3 2005   349   262   212   244   295
ses10.3 2010   315   155   221   126   126   294   314   268   222   402
ses10.3 2020 -9999
ses10.4 2006   498   417   454   487
ses10.4 2010   329   308   190   260   159   148   221   137   107   148
ses10.4 2020 -9999
ses10.5 2010   279   442  1067   370   366   368   190   635   261   146
ses10.5 2020 -9999
ses11.1 2009   191
ses11.1 2010   517   433   537   358   497   313   355   738   461   413
ses11.1 2020 -9999
ses11.2 2007   310   453   404
ses11.2 2010   448   424   400   358   328   337   422   332   507   367
ses11.2 2020 -9999
ses11.3 2010   268   837   590   398   522   534   377   689   777   349
ses11.3 2020 -9999
ses11.4 2005   201   572   421   411   369
ses11.4 2010   282   179   316   273   317   292   233   286   274   233
ses11.4 2020 -9999
ses11.5 2011   149  1081   400   402   149   528   365   593   740 -9999
ses12.1 2011   294   516   559   434   587   556   500   432   664 -9999
ses12.2 2006   264   189   370   285
ses12.2 2010   238   157   189   180   201   286   359   243   348   295
ses12.2 2020 -9999
ses12.3 2006   321   946   474   433
ses12.3 2010   231   348   399   535   419   326   283   420   348   562
ses12.3 2020 -9999
ses12.4 2007   228   510   621
ses12.4 2010   445   407   531   180   272   274   201   190   222   330
ses12.4 2020 -9999
ses12.5 2003   137   379   295   343   448   409   304
ses12.5 2010   371   459   286   380   328   262   324   169   314   434
ses12.5 2020 -9999
set9.1  2002   239   639   724   915   624   941   655   729
set9.1  2010  1054   550   465   313   281   328   222   307   216   264
set9.1  2020 -9999
set9.3  2005   162   269   693   432   343
set9.3  2010   319   296   723   473   813   549   398   281   461   441
set9.3  2020 -9999
set9.2  2005   582   526   918  1237   941
set9.2  2010   730   434   693   540   319   229   165   159   180   158
set9.2  2020 -9999
set9.4  2010   308   465   536   496   496   601   460   284   430   571
set9.4  2020 -9999
set10.1 2005   170   397   433   410   317
set10.1 2010   275   199   367   434   209   255   272   169   254   178
set10.1 2020 -9999
set10.3 2007   215   207   349
set10.3 2010   352   265   163   155   105   169   377   238   253   190
set10.3 2020 -9999
set10.4 2003   301   292   687   632   528   243   173
set10.4 2010   169   238   191   142   212   187   158   200   165   136
set10.4 2020 -9999
set10.5 2006   497   497   391   241
set10.5 2010   474   215   201   232   116   249   231   304   335   211
set10.5 2020 -9999
set11.1 2010   242   410   558   517   765   622   845   527   508   559
set11.1 2020 -9999
set11.2 2002   198   381   668   532   738   325   366   470
set11.2 2010   450   686   413   646   252   623   762   447   729   798
set11.2 2020 -9999
set11.3 2005   272  1243   254   229   296
set11.3 2010   365   537   497   369   390   559   699   619   446   392
set11.3 2020 -9999
set11.4 2006   244   313   622   232
set11.4 2010   275   388   327   487   392   495   413   455   264   210
set11.4 2020 -9999
set11.5 2012   469   146   320   589   708   495   359   421 -9999
set12.1 2005   255   366   252   294   257
set12.1 2010   410   389   293   307   338   402   370   427   530  1212
set12.1 2020 -9999
set12.2 2004   322   716   701   618   179   572
set12.2 2010   824   177   265   252   370   389   402   550   529   698
set12.2 2020 -9999
set12.3 2011   456   617   575   486   275   443   486   646   291 -9999
set12.4 2006   357   426   584   515
set12.4 2010   292   331   158   242   413   190   296   243   243   570
set12.4 2020 -9999
set12.5 2004   233   432   457   269   387   549
set12.5 2010   420   358   392   528   518   518   599   836   792   698
set12.5 2020 -9999
seu9.1  2011   198   112   451   465   345   297   240   201   220 -9999
seu9.2  2012   304   381   399   307   265   190   355   433 -9999
seu9.3  2010   181   302   489   260   165   320   370   294   271   419
seu9.3  2020 -9999
seu9.4  2014   247   529   272   236   429   368 -9999
seu9.5  2012   245   722   155   132   123    85   127    93 -9999
seu10.1 2004   394   612   378   379   277   229
seu10.1 2010   235   423   233   253   243   213   180   169   106   274
seu10.1 2020 -9999
seu10.2 2004   256   361   590   381   232   254
seu10.2 2010   370   219   272   359   305   222   349   231   275   339
seu10.2 2020 -9999
seu10.4 2015   133   734   283   296   291 -9999
seu10.5 2015   243   570   244   175   187 -9999
seu11.2 2006   244   453   272   271
seu11.2 2010   349   357   316   393   242   375   264   423   351   252
seu11.2 2020 -9999
seu11.3 2011   283   393   527   143   311   348   327   368   306 -9999
seu11.4 2012   197   588   606   597   277   293   294   338 -9999
seu12.1 2008   229   392
seu12.1 2010   245   279   325   159   249   325   311   275   220   127
seu12.1 2020 -9999
seu12.2 2006   103   410   231   473
seu12.2 2010   232   277   264   328   206   145   293   221   177   206
seu12.2 2020 -9999
seu12.3 2013   256   418   449   434   302   517   296 -9999
seu12.5 2013   308   574   390   261   311   275   335 -9999
